9
16
30
45
52
75
99
130
145
170
181
195
203
223
239
267
279
317
345
383
395
421
432
452
472
491
521
537
565
594
608
635
652
667
674
685
694
703
719
723
732
741
757
774
804
832
860
885
907
923
939
950
977
987
1005
1042
1060
1080
1117
1124
1159
1176
1187
1190
1202
1210
1226
1234
1241
1244
1254
1260
1279
1299
1302
1316
1325
1338
1350
1364
1380
1390
1393
1397
1439
1455
1462
1471
1481
1491
1512
1523
1529
1553
1577
1590
1605
1628
1638
1649
1659
1670
1679
1688
1705
1729
1742
1760
1777
1782
1789
1796
1811
1824
1828
1845
1860
1872
1890
1900
1905
1917
1930
1941
1951
1968
1976
1980
1998
2006
2010
2028
2041
2063
2076
2095
2114
2117
2123
2134
2146
2167
2187
2204
2215
2229
2244
2276
2286
2297
2301
2311
2329
2341
2351
2359
2377
2389
2403
2407
2418
2424
2431
2445
2472
2482
2518
2527
2535
2553
2557
2567
2583
2593
2605
2629
2643
2673
2687
2697
2708
2724
2732
2735
2744
2768
2783
2800
2804
2820
2828
2832
2841
2847
2866
2893
2897
2908
2921
2926
2940
2952
2965
2968
2978
2993
3002
3025
3027
3039
3046
3067
3076
3086
3092
3096
3103
3114
3129
3161
3175
3195
3215
3221
3233
3242
3253
3263
3287
3299
3313
3321
3331
3341
3353
3360
3370
3374
3379
3387
3395
3422
3438
3448
3460
3470
3477
3486
3502
3509
3520
3532
3544
3552
3558
3568
3579
3592
3598
3608
3615
3625
3638
3675
3687
3727
3791
3795
3809
3825
3851
3892
3905
3914
3943
3969
4009
4031
4052
4060
4075
4087
4113
4119
4131
4143
4153
4169
4185
4193
4221
4236
4254
4270
4284
4292
4319
4332
4347
4352
4369
4378
4388
4403
4414
4443
4472
4483
4488
4499
4534
4580
4590
4630
4668
4693
4719
4740
4752
4759
4769
4791
4800
4806
4827
4858
4866
4884
4903
4931
4963
4971
4977
5007
5013
5024
5042
5050
5061
5070
5088
5095
5104
5114
5120
5123
5136
5147
5158
5165
5169
5176
5189
5200
5218
5233
5244
5249
5265
5271
5282
5289
5299
5319
5334
5344
5361
5369
5375
5387
5415
5426
5433
5448
5452
5476
5481
5493
5503
5509
5516
5524
5532
5539
5543
5551
5554
5571
5575
5584
5592
5599
5631
5645
5656
5667
5692
5717
5732
5744
5749
5762
5773
5782
5789
5796
5804
5809
5827
5849
5858
5870
5880
5895
5912
5917
5926
5941
5965
5974
5979
5985
5988
6001
6004
6018
6028
6047
6062
6068
6071
6075
6088
6094
6097
6101
6105
6113
6121
6127
6145
6159
6180
6193
6205
6214
6218
6223
6242
6260
6275
6305
6315
6328
6335
6342
6353
6363
6376
6391
6395
6398
6408
6437
6441
6450
6471
6492
6501
6508
6519
6528
6549
6561
6579
6584
6632
6641
6649
6659
6673
6692
6705
6735
6744
6766
6783
6789
6807
6817
6838
6859
6872
6879
6890
6895
6902
6918
6933
6952
6964
6970
6983
7000
7010
7025
7034
7052
7069
7087
7093
7105
7118
7127
7146
7151
7157
7163
7170
7179
7188
7192
7195
7205
7213
7216
7219
7222
7239
7248
7268
7274
7281
7291
7300
7304
7313
7316
7327
7337
7351
7374
7401
7413
7426
7442
7459
7462
7477
7481
7487
7497
7505
7513
7524
7536
7550
7563
7566
7578
7591
7618
7624
7639
7646
7663
7674
7681
7702
7714
7736
7741
7751
7767
7791
7811
7819
7837
7853
7858
7871
7881
7891
7899
7915
7931
7955
7972
7983
7994
8009
8013
8032
8051
8070
8121
8146
8172
8187
8199
8238
8250
8258
8264
8270
8279
8283
8306
8325
8336
8360
8391
8402
8418
8432
8465
8475
8483
8511
8534
8545
8553
8571
8580
8616
8631
8656
8666
8672
8685
8693
8700
8707
8727
8733
8740
8756
8766
8774
8795
8810
8818
8824
8831
8845
8851
8859
8864
8873
8888
8893
8916
8939
8954
8964
8977
8982
8985
9000
9012
9016
9019
9026
9030
9043
9071
9100
9114
9118
9124
9148
9162
9168
9177
9197
9201
9207
9215
9227
9236
9259
9269
9284
9294
9311
9316
9327
9339
9347
9353
9373
9384
9393
9406
9413
9433
9455
9486
9489
9504
9517
9527
9553
9559
9576
9585
9605
9614
9634
9651
9661
9681
9693
9715
9723
9768
9812
9841
9849
9856
9872
9896
9917
9931
9942
9948
9957
9965
9972
9978
9999
10007
10019
10026
10033
10038
10053
10058
10068
10080
10089
10113
10124
10133
10137
10143
10168
10178
10221
10229
10251
10258
10272
10278
10291
10295
10301
10305
10310
10314
10325
10332
10344
10362
10375
10382
10389
10405
10414
10421
10430
10439
10454
10463
10473
10478
10492
10506
10528
10545
10552
10559
10568
10581
10585
10604
10625
10639
10667
10681
10700
10708
10717
10732
10752
10761
10772
10789
10811
10827
10843
10857
10861
10870
10883
10896
10900
10911
10926
10937
10949
10968
10976
10985
10999
11005
11013
11023
11034
11056
11061
11072
11094
11102
11108
11111
11116
11125
11145
11152
11159
11169
11177
11188
11197
11200
11202
11214
11225
11253
11277
11293
11302
11310
11328
11358
11364
11377
11394
11409
11421
11453
11462
11489
11501
11508
11546
11567
11587
11606
11613
11628
11637
11642
11656
11674
11692
11714
11721
11731
11744
11761
11784
11797
11802
11817
11825
11845
11857
11874
11880
11904
11922
11928
11938
11952
11977
11998
12007
12028
12052
12074
12081
12093
12113
12121
12131
12134
12150
12165
12194
12222
12227
12260
12278
12292
12316
12334
12346
12377
12392
12424
12429
12434
12450
12462
12470
12485
12496
12514
12526
12549
12562
12567
12573
12580
12598
12605
12620
12629
12637
12651
12665
12671
12688
12707
12725
12737
12767
12778
12787
12830
12852
12880
12887
12914
12937
12947
12958
12970
12989
12999
13023
13064
13086
13110
13136
13152
13165
13170
13189
13214
13224
13243
13266
13293
13325
13355
13381
13412
13456
13504
13520
13550
13589
13597
13606
13628
13646
13674
13685
13698
13707
13727
13741
13761
13768
13772
13785
13808
13819
13839
13856
13875
13893
13903
13931
13952
13965
14005
14018
14042
14050
14076
14104
14122
14143
14156
14177
14183
14209
14222
14237
14243
14274
14297
14303
14311
14318
14340
14357
14376
14385
14402
14436
14451
14459
14490
14502
14507
14528
14544
14564
14580
14595
14602
14637
14655
14670
14711
14728
14747
14753
14759
14783
14796
14808
14813
14825
14833
14846
14859
14871
14886
14892
14920
14924
14930
14945
14969
14974
14987
14992
14999
15020
15032
15042
15053
15070
15080
15085
15094
15103
15115
15122
15138
15148
15152
15157
15164
15177
15183
15207
15211
15219
15226
15242
15250
15266
15285
15289
15315
15340
15343
15362
15369
15375
15392
15411
15436
15450
15461
15473
15481
15498
15505
15517
15532
15545
15550
15556
15566
15575
15584
15593
15596
15610
15620
15633
15673
15705
15720
15733
15750
15766
15790
15808
15833
15851
15865
15876
15900
15908
15919
15924
15948
15963
15969
15975
15997
16018
16032
16059
16078
16081
16090
16096
16114
16120
16144
16163
16167
16173
16194
16205
16212
16221
16225
16230
16234
16238
16256
16262
16279
16282
16289
16299
16308
16322
16328
16332
16340
16349
16355
16362
16371
16385
16391
16402
16414
16423
16432
16439
16452
16458
16469
16478
16504
16513
16519
16543
16571
16582
16593
16606
16632
16643
16659
16668
16695
16713
16754
16763
16773
16783
16800
16821
16838
16847
16871
16893
16902
16929
16953
16961
16979
17006
17018
17028
17042
17051
17057
17065
17085
17092
17107
17113
17121
17129
17141
17154
17158
17163
17173
17181
17192
17208
17222
17237
17264
17284
17322
17362
17416
17439
17449
17455
17488
17523
17536
17579
17623
17643
17663
17702
17728
17751
17780
17805
17828
17846
17861
17869
17878
17909
17943
17972
17985
17999
18026
18040
18050
18070
18106
18116
18154
18193
18228
18245
18256
18272
18287
18308
18325
18332
18353
18361
18385
18418
18447
18465
18470
18477
18485
18500
18526
18538
18568
18579
18588
18596
18605
18621
18641
18679
18687
18711
18736
18760
18783
18811
18832
18851
18866
18887
18917
18931
18945
18949
18953
18982
19009
19017
19036
19060
19091
19097
19105
19137
19160
19173
19187
19198
19226
19239
19250
19287
19299
19340
19374
19384
19400
19420
19446
19451
19455
19460
19480
19499
19524
19532
19539
19547
19559
19568
19585
19596
19624
19640
19664
19678
19685
19690
19697
19717
19722
19730
19734
19743
19783
19792
19801
19817
19820
19825
19839
19852
19860
19876
19879
19891
19917
19934
19944
19952
19967
19981
20007
20021
20057
20073
20095
20105
20119
20133
20140
20156
20179
20198
20220
20228
20234
20242
20270
20284
20291
20306
20323
20339
20346
20366
20387
20397
20400
20415
20429
20443
20460
20476
20500
20514
20548
20554
20564
20575
20581
20604
20607
20614
20618
20625
20631
20650
20670
20682
20693
20711
20725
20735
20745
20754
20767
20777
20785
20813
20826
20835
20870
20873
20903
20913
20934
20949
20988
21010
21040
21061
21079
21088
21108
21132
21142
21150
21172
21180
21212
21223
21236
21244
21247
21258
21274
21288
21311
21327
21330
21352
21373
21383
21404
21418
21427
21433
21438
21455
21470
21483
21493
21501
21515
21527
21538
21568
21585
21590
21616
21635
21655
21676
21690
21708
21732
21738
21748
21757
21769
21788
21802
21808
21818
21840
21851
21881
21918
21931
21949
21955
21965
21984
22011
22037
22050
22065
22073
22075
22092
22098
22114
22140
22161
22184
22214
22229
22257
22279
22307
22314
22328
22352
22365
22373
22384
22402
22419
22446
22464
22485
22497
22519
22534
22546
22562
22583
22592
22597
22610
22626
22638
22654
22660
22663
22673
22685
22707
22721
22740
22761
22770
22777
22784
22812
22826
22848
22858
22864
22878
22885
22893
22908
22919
22932
22941
22950
22956
22958
22960
22967
22975
23002
23016
23032
23054
23069
23086
23091
23112
23122
23128
23132
23141
23146
23155
23170
23182
23195
23204
23212
23226
23231
23244
23255
23267
23280
23291
23304
23314
23330
23343
23354
23377
23399
23406
23424
23442
23451
23458
23488
23500
23516
23523
23546
23552
23562
23575
23585
23605
23625
23635
23645
23651
23656
23664
23675
23687
23701
23711
23729
23753
23758
23774
23781
23791
23808
23823
23830
23841
23850
23858
23868
23881
23895
23914
23937
23953
23963
23976
23985
23996
24004
24023
24032
24047
24063
24077
24091
24102
24109
24120
24129
24137
24160
24170
24183
24197
24201
24204
24209
24217
24220
24235
24241
24246
24252
24264
24280
24303
24318
24328
24337
24346
24362
24371
24390
24405
24413
24426
24442
24456
24474
24496
24502
24523
24543
24566
24583
24595
24609
24615
24645
24674
24686
24695
24707
24720
24737
24760
24773
24784
24810
24824
24850
24864
24885
24901
24913
24920
24931
24953
24962
24983
25016
25026
25029
25040
25057
25094
25109
25128
25131
25140
25146
25160
25173
25187
25204
25238
25289
25297
25314
25332
25339
25376
25388
25395
25418
25431
25436
25449
25465
25471
25486
25516
25534
25559
25580
25605
25614
25631
25670
25694
25745
25768
25787
25817
25838
25854
25864
25874
25877
25884
25894
25916
25941
25966
25976
25986
26008
26034
26064
26084
26098
26116
26139
26149
26175
26191
26213
26233
26249
26264
26269
26279
26284
26291
26303
26355
26384
26424
26437
26443
26448
26473
26484
26491
26505
26537
26560
26578
26622
26658
26690
26715
26806
26830
26867
26884
26900
26913
26953
26984
26999
27030
27063
27080
27098
27125
27136
27152
27166
27172
27187
27191
27198
27210
27220
27231
27241
27251
27261
27270
27297
27313
27327
27338
27357
27368
27380
27400
27428
27434
27439
27449
27469
27506
27541
27560
27572
27594
27614
27635
27646
27658
27674
27688
27711
27731
27751
27762
27782
27788
27808
27830
27850
27866
27881
27892
27911
27920
27935
27956
27962
27981
27990
28011
28031
28041
28049
28056
28071
28082
28090
28106
28119
28128
28142
28159
28170
28183
28192
28209
28220
28223
28240
28253
28266
28281
28285
28288
28300
28303
28323
28336
28352
28387
28391
28398
28404
28416
28439
28464
28481
28499
28514
28518
28532
28541
28547
28554
28558
28568
28589
28605
28616
28631
28639
28647
28650
28672
28682
28697
28723
28732
28745
28768
28794
28801
28817
28839
28851
28877
28886
28909
28930
28941
28958
28975
28992
29003
29013
29039
29044
29054
29062
29088
29094
29115
29132
29152
29161
29170
29190
29206
29211
29245
29260
29284
29290
29300
29317
29327
29344
29359
29373
29405
29413
29422
29439
29452
29458
29465
29477
29485
29489
29507
29518
29526
29540
29554
29560
29579
29585
29599
29616
29626
29630
29642
29657
29668
29686
29693
29726
29746
29753
29769
29814
29826
29850
29869
29877
29909
29926
29938
29960
29983
29998
30016
30025
30028
30031
30034
30049
30053
30065
30078
30091
30100
30108
30134
30161
30184
30193
30215
30240
30250
30275
30303
30343
30392
30394
30399
30408
30414
30428
30438
30441
30455
30477
30498
30535
30565
30585
30609
30634
30661
30677
30707
30757
30800
30810
30824
30837
30858
30892
30948
30962
30987
31048
31102
31128
31153
31183
31192
31208
31240
31287
31310
31347
31367
31390
31421
31433
31456
31471
31532
31540
31549
31568
31583
31601
31613
31623
31637
31658
31669
31678
31695
31719
31759
31766
31802
31819
31838
31854
31895
31913
31921
31954
31969
31991
32015
32028
32068
32082
32099
32118
32131
32158
32173
32193
32214
32236
32249
32278
32311
32341
32345
32365
32379
32386
32392
32402
32418
32433
32458
32491
32517
32539
32550
32576
32594
32607
32640
32646
32663
32682
32688
32702
32720
32727
32731
32735
32752
32775
32790
32795
32810
32814
32848
32856
32878
32903
32918
32925
32930
32939
32950
32975
32992
32997
33011
33016
33029
33057
33062
33072
33090
33099
33107
33122
33141
33150
33165
33183
33188
33199
33208
33228
33243
33258
33293
33297
33311
33317
33337
33349
33355
33374
33377
33385
33395
33401
33421
33424
33440
33461
33483
33491
33500
33517
33534
33553
33565
33573
33584
33607
33613
33623
33632
33638
33654
33663
33669
33684
33710
33722
33732
33741
33757
33769
33783
33797
33816
33825
33867
33884
33901
33922
33943
33970
33974
33991
34001
34016
34028
34037
34044
34064
34082
34089
34102
34107
34124
34139
34158
34182
34202
34211
34246
34273
34295
34300
34308
34318
34337
34349
34356
34366
34389
34409
34424
34437
34452
34464
34481
34486
34490
34499
34519
34530
34545
34560
34576
34593
34605
34611
34632
34646
34658
34669
34689
34699
34725
34754
34764
34793
34806
34813
34820
34848
34862
34883
34904
34920
34939
34970
34976
34985
34992
35011
35014
35027
35053
35066
35092
35119
35139
35163
35176
35184
35217
35244
35265
35276
35292
35310
35354
35361
35368
35383
35412
35421
35434
35447
35467
35487
35516
35543
35566
35590
35603
35608
35630
35649
35662
35680
35688
35701
35719
35723
35739
35755
35768
35798
35805
35818
35823
35847
35863
35877
35894
35901
35920
35942
35945
35952
35963
35976
35988
35992
35997
36006
36010
36017
36026
36042
36063
36075
36088
36107
36132
36146
36154
36160
36168
36172
36182
36189
36197
36203
36211
36229
36244
36261
36269
36276
36287
36304
36309
36319
36326
36335
36348
36360
36374
36394
36413
36433
36437
36445
36451
36464
36470
36474
36477
36487
36494
36503
36539
36554
36570
36595
36609
36627
36636
36642
36649
36658
36670
36692
36697
36727
36744
36749
36753
36760
36767
36780
36805
36811
36824
36827
36829
36839
36845
36857
36869
36878
36883
36897
36907
36915
36924
36945
36951
36966
36974
36987
36994
37006
37015
37033
37045
37069
37101
37137
37152
37192
37195
37226
37250
37261
37271
37275
37297
37348
37372
37437
37441
37472
37494
37498
37526
37539
37566
37569
37580
37603
37621
37641
37650
37696
37778
37799
37826
37838
37872
37906
37941
38029
38041
38077
38108
38113
38170
38176
38180
38203
38245
38258
38279
38291
38297
38356
38380
38391
38397
38402
38414
38438
38485
38490
38503
38509
38515
38520
38544
38600
38609
38630
38649
38661
38680
38693
38702
38715
38746
38756
38763
38777
38798
38818
38828
38843
38846
38867
38873
38894
38908
38913
38917
38921
38925
38959
38968
39008
39019
39031
39081
39086
39104
39107
39119
39129
39164
39179
39213
39217
39237
39257
39263
39278
39294
39304
39336
39350
39370
39387
39410
39418
39449
39462
39493
39498
39523
39537
39556
39566
39575
39585
39600
39612
39618
39628
39637
39659
39679
39692
39731
39737
39743
39746
39752
39757
39761
39764
39778
39801
39811
39817
39859
39867
39885
39915
39920
39923
39930
39936
39950
39961
39969
39980
39993
39998
40002
40005
40010
40016
40021
40041
40058
40066
40073
40081
40084
40092
40102
40109
40115
40124
40142
40149
40157
40164
40178
40189
40204
40209
40212
40220
40228
40232
40250
40307
40367
40407
40460
40512
40519
40544
40556
40577
40588
40595
40603
40609
40612
40627
40639
40650
40653
40681
40688
40699
40709
40730
40765
40813
40841
40853
40869
40883
40896
40913
40923
40933
40968
40980
41012
41033
41071
41099
41106
41118
41155
41164
41183
41203
41229
41252
41260
41272
41276
41289
41312
41319
41345
41355
41399
41404
41411
41419
41424
41447
41457
41476
41482
41486
41493
41502
41505
41512
41522
41526
41528
41530
41538
41551
41557
41575
41601
41614
41628
41631
41641
41648
41673
41688
41705
41715
41730
41761
41793
41819
41845
41856
41864
41871
41886
41891
41931
41972
41988
41996
42000
42033
42050
42056
42062
42068
42093
42118
42133
42145
42152
42174
42196
42207
42214
42218
42254
42274
42309
42342
42354
42396
42410
42436
42461
42492
42519
42527
42543
42568
42592
42606
42629
42646
42675
42697
42720
42730
42739
42770
42813
42836
42845
42873
42897
42931
42950
42958
42972
42991
43033
43044
43074
43095
43121
43147
43162
43182
43222
43241
43247
43268
43277
43300
43328
43345
43357
43364
43388
43394
43415
43461
43492
43519
43537
43550
43576
43603
43622
43637
43657
43666
43670
43676
43684
43695
43702
43707
43726
43735
43738
43747
43753
43767
43779
43790
43800
43808
43812
43838
43857
43874
43886
43890
43915
43936
43955
43970
43976
43994
44001
44056
44071
44089
44096
44112
44132
44140
44148
44156
44167
44177
44200
44225
44269
44287
44320
44357
44383
44393
44419
44436
44444
44460
44488
44494
44497
44509
44519
44531
44536
44542
44551
44596
44617
44644
44665
44679
44704
44730
44748
44750
44754
44764
44775
44787
44797
44827
44836
44845
44865
44888
44901
44922
44934
44962
44983
44988
44996
45037
45081
45101
45124
45156
45175
45194
45231
45247
45280
45307
45329
45344
45358
45401
45416
45423
45442
45461
45514
45527
45551
45557
45563
45582
45624
45673
45679
45684
45686
45699
45709
45725
45729
45743
45757
45762
45765
45774
45777
45799
45805
45816
45845
45866
45873
45899
45904
45911
45935
45952
45973
45983
45994
46002
46012
46027
46039
46049
46085
46110
46139
46176
46207
46236
46244
46267
46282
46303
46332
46339
46382
46388
46396
46412
46413
46425
46426
46439
46442
46448
46458
46490
46509
46520
46525
46531
46538
46544
46558
46578
46593
46631
46660
46728
46734
46791
46810
46827
46834
46840
46846
46853
46871
46886
46894
46907
46934
46937
46957
46969
46975
47021
47034
47056
47065
47077
47089
47119
47140
47146
47167
47187
47190
47203
47231
47246
47255
47278
47289
47307
47319
47324
47333
47342
47351
47367
47381
47398
47423
47435
47439
47453
47464
47475
47503
47521
47531
47544
47558
47567
47570
47586
47596
47600
47616
47626
47635
47645
47658
47678
47688
47691
47695
47709
47714
47725
47754
47773
47791
47801
47813
47843
47858
47874
47888
47900
47918
47949
47959
47964
47988
47991
48006
48034
48068
48083
48107
48114
48125
48135
48167
48196
48223
48232
48240
48253
48281
48288
48300
48308
48321
48349
48360
48365
48377
48390
48412
48430
48461
48476
48493
48508
48514
48534
48550
48583
48592
48603
48629
48637
48656
48675
48691
48720
48728
48741
48754
48766
48772
48791
48797
48815
48827
48846
48854
48866
48871
48890
48918
48946
48961
48979
48986
49009
49038
49046
49061
49077
49093
49113
49124
49136
49149
49168
49173
49200
49206
49213
49226
49250
49258
49276
49293
49321
49338
49353
49372
49379
49410
49431
49447
49465
49500
49506
49513
49538
49553
49569
49589
49594
49602
49619
49631
49653
49668
49689
49701
49732
49754
49766
49779
49801
49816
49839
49850
49858
49863
49905
49917
49931
49940
49951
49979
50001
50038
50064
50079
50101
50127
50171
50188
50203
50210
50222
50228
50246
50275
50281
50286
50289
50311
50318
50333
50347
50357
50367
50378
50397
50402
50415
50441
50463
50480
50526
50547
50562
50583
50586
50600
50606
50617
50634
50659
50675
50681
50689
50699
50737
50748
50751
50768
50787
50794
50806
50816
50859
50871
50879
50883
50894
50910
50922
50930
50937
50956
50980
50988
51020
51031
51054
51060
51094
51120
51132
51142
51166
51175
51184
51194
51211
51227
51238
51262
51275
51292
51306
51339
51379
51392
51407
51506
51543
51576
51588
51612
51630
51655
51663
51671
51675
51689
51713
51720
51737
51763
51780
51789
51814
51836
51861
51883
51895
51909
51925
51943
51956
51962
51968
51972
51977
51990
52019
52033
52036
52064
52079
52093
52100
52108
52121
52134
52158
52173
52203
52224
52244
52280
52300
52334
52369
52388
52417
52436
52457
52484
52495
52510
52519
52522
52533
52543
52577
52610
52618
52629
52634
52645
52659
52667
52680
52702
52738
52769
52813
52831
52853
52859
52869
52874
52905
52929
52950
52970
52984
53007
53021
53039
53051
53055
53066
53078
53092
53099
53112
53119
53125
53136
53172
53179
53188
53193
53200
53238
53267
53280
53309
53315
53352
53366
53382
53398
53426
53441
53458
53489
53507
53527
53542
53562
53582
53590
53600
53626
53632
53637
53640
53647
53669
53678
53691
53735
53748
53760
53763
53774
53785
53795
53807
53821
53828
53832
53849
53858
53891
53913
53927
53936
53951
53977
53997
54056
54064
54090
54109
54115
54137
54159
54198
54225
54245
54269
54281
54304
54333
54341
54350
54364
54378
54400
54406
54412
54427
54429
54437
54478
54486
54505
54538
54545
54550
54569
54581
54602
54632
54637
54642
54660
54676
54681
54697
54717
54741
54753
54769
54779
54794
54812
54823
54831
54847
54879
54892
54903
54935
55081
55126
55134
55188
55212
55230
55258
55282
55298
55329
55337
55380
55390
55405
55410
55424
55428
55444
55458
55473
55476
55521
55533
55549
55575
55582
55628
55637
55656
55671
55692
55718
55743
55773
55778
55785
55792
55807
55838
55873
55881
55891
55905
55948
55960
55979
56024
56033
56050
56081
56088
56099
56118
56157
56167
56184
56213
56229
56246
56259
56272
56287
56294
56303
56334
56350
56363
56370
56390
56395
56412
56431
56440
56464
56481
56505
56514
56522
56535
56555
56583
56629
56660
56677
56687
56706
56710
56727
56741
56758
56774
56781
56788
56792
56803
56816
56850
56857
56875
56893
56909
56928
56951
56957
56970
56979
56994
57008
57021
57031
57039
57073
57082
57087
57092
57116
57147
57158
57170
57179
57182
57190
57214
57231
57239
57248
57253
57276
57288
57310
57318
57340
57348
57356
57361
57377
57402
57435
57470
57510
57542
57563
57590
57602
57627
57636
57648
57660
57676
57692
57738
57749
57757
57773
57785
57798
57831
57860
57898
57914
57923
57934
57940
57947
57972
57982
57988
57992
57995
58005
58019
58043
58050
58055
58074
58089
58105
58130
58151
58170
58179
58182
58195
58205
58216
58238
58247
58254
58265
58274
58289
58295
58300
58304
58315
58320
58323
58338
58348
58356
58366
58383
58386
58395
58409
58441
58458
58473
58485
58499
58512
58526
58532
58545
58547
58561
58578
58587
58601
58616
58628
58636
58644
58669
58677
58691
58714
58726
58733
58737
58748
58757
58773
58782
58803
58830
58842
58845
58855
58875
58897
58904
58928
58940
58943
58950
58958
58988
59002
59024
59036
59051
59061
59073
59089
59117
59130
59138
59177
59195
59210
59231
59246
59275
59288
59290
59292
59297
59314
59327
59336
59352
59359
59365
59370
59381
59405
59416
59426
59447
59456
59478
59481
59504
59517
59534
59548
59551
59567
59587
59602
59625
59665
59671
59691
59720
59736
59744
59764
59783
59803
59808
59814
59821
59829
59843
59859
59876
59887
59892
59910
59937
59954
59963
59966
59980
59988
59994
60002
60020
60041
60064
60080
60086
60098
60116
60136
60153
60160
60163
60180
60196
60208
60217
60223
60246
60259
60272
60281
60283
60294
60307
60321
60342
60346
60358
60369
60388
60409
60424
60433
60448
60465
60483
60491
60500
60515
60532
60536
60545
60552
60557
60563
60572
60590
60599
60608
60614
60616
60623
60636
60649
60673
60680
60694
60708
60723
60729
60740
60768
60778
60786
60795
60809
60825
60836
60848
60870
60875
60877
60885
60903
60917
60926
60945
60962
60972
60977
60986
60999
61003
61013
61028
61044
61048
61058
61063
61068
61094
61097
61114
61117
61130
61143
61150
61158
61173
61179
61199
61216
61233
61237
61240
61245
61252
61258
61268
61282
61294
61302
61314
61327
61342
61353
61362
61375
61390
61395
61403
61432
61440
61454
61462
61466
61476
61479
61489
61506
61514
61533
61546
61574
61600
61611
61628
61640
61659
61662
61678
61691
61705
61710
61743
61768
61786
61793
61805
61813
61822
61829
61848
61872
61891
61914
61937
61952
61963
61970
61990
62009
62017
62030
62044
62055
62066
62071
62086
62106
62117
62160
62186
62213
62222
62231
62236
62265
62300
62311
62340
62375
62404
62420
62444
62464
62475
62485
62509
62533
62546
62554
62600
62614
62637
62658
62672
62704
62710
62730
62744
62758
62819
62846
62866
62908
62941
62997
63034
63061
63090
63127
63143
63166
63189
63225
63240
63257
63270
63280
63303
63321
63337
63356
63372
63381
63392
63404
63430
63449
63469
63490
63500
63517
63535
63557
63568
63580
63585
63595
63608
63620
63650
63664
63678
63703
63719
63749
63771
63795
63807
63821
63839
63851
63867
63904
63923
63937
63945
63991
64014
64038
64084
64106
64136
64157
64168
64188
64217
64231
64273
64285
64327
64356
64370
64407
64436
64470
64498
64542
64553
64561
64585
64628
64639
64668
64686
64709
64716
64723
64737
64747
64804
64823
64833
64850
64858
64878
64901
64910
64916
64923
64931
64941
64951
64967
64985
65000
65050
65057
65068
65094
65109
65119
65154
65182
65217
65220
65223
65242
65256
65261
65267
65290
65299
65315
65324
65330
65335
65360
65376
65383
65391
65414
65434
65461
65491
65515
65523
65548
65559
65565
65570
65582
65589
65614
65657
65698
65709
65733
65755
65771
65790
65803
65811
65835
65863
65885
65896
65942
65980
65991
66015
66022
66042
66068
66088
66100
66112
66119
66124
66130
66140
66155
66183
66257
66271
66286
66309
66368
66406
66425
66433
66466
66486
66536
66541
66577
66597
66639
66658
66690
66718
66720
66731
66733
66748
66760
66783
66799
66823
66859
66866
66896
66922
66965
66975
66991
67032
67063
67077
67093
67113
67149
67168
67193
67201
67206
67216
67231
67236
67245
67253
67269
67281
67293
67309
67326
67356
67392
67408
67411
67432
67444
67470
67482
67489
67499
67530
67557
67564
67569
67579
67587
67597
67603
67610
67622
67653
67678
67697
67715
67737
67744
67752
67772
67790
67801
67824
67839
67846
67854
67871
67903
67914
67934
67945
67973
68010
68045
68073
68095
68137
68172
68207
68232
68247
68256
68272
68289
68298
68325
68346
68353
68365
68384
68397
68414
68448
68474
68490
68519
68540
68561
68578
68584
68615
68646
68661
68701
68718
68759
68779
68811
68844
68875
68882
68897
68913
68932
68961
69000
69030
69042
69057
69071
69089
69094
69109
69133
69142
69166
69173
69184
69218
69244
69259
69277
69295
69323
69346
69360
69369
69388
69393
69421
69425
69444
69465
69507
69519
69539
69545
69560
69565
69573
69592
69612
69620
69633
69642
69650
69673
69686
69706
69715
69728
69735
69738
69747
69759
69769
69779
69785
69794
69803
69824
69840
69847
69852
69857
69868
69888
69909
69915
69930
69941
69948
69961
69967
69975
69991
70024
70029
70052
70061
70088
70092
70110
70114
70119
70122
70125
70135
70160
70195
70209
70215
70227
70230
70246
70251
70259
70271
70296
70307
70315
70340
70367
70375
70420
70448
70467
70483
70494
70497
70522
70538
70544
70557
70573
70580
70586
70599
70606
70632
70641
70656
70659
70672
70689
70699
70705
70718
70726
70735
70751
70757
70765
70771
70777
70792
70799
70807
70828
70833
70843
70894
70897
70904
70912
70931
70946
70955
70958
70969
70979
70986
70992
70997
71011
71014
71020
71031
71053
71059
71063
71081
71087
71098
71111
71116
71124
71140
71157
71172
71193
71207
71224
71239
71255
71278
71303
71319
71339
71355
71379
71396
71428
71439
71450
71472
71486
71512
71541
71557
71565
71584
71593
71607
71610
71614
